ai = [512,-815,1066,-785,445,-164,42,-7,0]
aq = [1,-1.591796875000000,2.082031250000000,-1.533203125000000,0.869140625000000,-0.320312500000000,0.082031250000000,-0.013671875000000,0]

bi = [1,9,32,65,81,65,32,9,1]
bq = [0.001953125000000,0.017578125000000,0.062500000000000,0.126953125000000,0.158203125000000,0.126953125000000,0.062500000000000,0.017578125000000,0.001953125000000]
